junior senior any
47
20 7
8
8
0 NULL 138.0 24,25,26,108,109,110,3,4,5,87,88,89 None 1-2 NULL junior NO
0 NULL 138.0 0,1,2,84,85,86,33,34,35,117,118,119 4-7 3-4 NULL junior NO
0 NULL 138.0 51,52,53,135,136,137,21,22,23,105,106,107 None 3-4 NULL junior NO
0 NULL 138.0 12,13,14,96,97,98,63,64,65,147,148,149 1-4 1-3 NULL junior NO
0 NULL 138.0 51,52,53,135,136,137,21,22,23,105,106,107 None 2-3 NULL senior NO
0 NULL 138.0 0,1,2,84,85,86,33,34,35,117,118,119 None 2-4 NULL senior NO
0 NULL 138.0 24,25,26,108,109,110,3,4,5,87,88,89 None None NULL senior NO
0 NULL 138.0 12,13,14,96,97,98,63,64,65,147,148,149 4-7 3-4 NULL senior NO
0 any senior
1 2
1 2 3 4 5 6 7
NULL
NULL
9.5
08:00-17:30
day
1 any
0 2
2 3 4 5 6 7 8
NULL
NULL
12.0
08:00-20:00
day
2 any
0 1 3 4
3 4 5 6 7 8 9 10
1
3 4 6 7 9 10
13
19:30-08:30 (Tuesday)
night overlaps
next
3 any senior
2 4 5
4 5 6 7 8 9 10
2 1
2
9.5
08:00-17:30
day
4 any
2 3 5
5 6 7 8 9 10 11
2 1
2
12.0
08:00-20:00
day
5 any
3 4 6 7
6 7 8 9 10 11 12 13
4 2 1
6 7 9 10 12 13
13
19:30-08:30 (Wednesday)
night overlaps
next
6 any senior
5 7 8
7 8 9 10 11 12 13
5 4 2 1
5 2
9.5
08:00-17:30
day
7 any
5 6 8
8 9 10 11 12 13 14
5 4 2 1
5 2
12.0
08:00-20:00
day
8 any
6 7 9 10
9 10 11 12 13 14 15 16
7 5 4 2 1
9 10 12 13 15 16
13
19:30-08:30 (Thursday)
night overlaps
next
9 any senior
8 10 11
10 11 12 13 14 15 16
8 7 5 4 2
8 5 2
9.5
08:00-17:30
day
10 any
8 9 11
11 12 13 14 15 16 17
8 7 5 4 2
8 5 2
12.0
08:00-20:00
day
11 any
9 10 12 13
12 13 14 15 16 17 18 19
10 8 7 5 4
12 13 15 16 18 19
13
19:30-08:30 (Friday)
night overlaps
next
12 any senior
11 13 14
13 14 15 16 17 18 19
11 10 8 7 5
11 8 5
9.5
08:00-17:30
day
13 any
11 12 14
14 15 16 17 18 19 20
11 10 8 7 5
11 8 5
12.0
08:00-20:00
day
14 any
12 13 15 16
15 16 17 18 19 20 21 22
13 11 10 8 7
15 16 18 19 21 22
13
19:30-08:30 (Saturday)
night overlaps
next
15 any senior
14 16 17
16 17 18 19 20 21 22
14 13 11 10 8
14 11 8
9.5
08:00-17:30
day
16 any
14 15 17
17 18 19 20 21 22 23
14 13 11 10 8
14 11 8
12.0
08:00-20:00
day
17 any
15 16 18 19
18 19 20 21 22 23 24 25
16 14 13 11 10
18 19 21 22 24 25
13
19:30-08:30 (Sunday)
night overlaps
next
18 any senior
17 19 20
19 20 21 22 23 24 25
17 16 14 13 11
17 14 11
9.5
08:00-17:30
day
19 any
17 18 20
20 21 22 23 24 25 26
17 16 14 13 11
17 14 11
12.0
08:00-20:00
day
20 any
18 19 21 22
21 22 23 24 25 26 27 28
19 17 16 14 13
21 22 24 25 27 28
13
19:30-08:30 (Monday)
night overlaps
next
21 any senior
20 22 23
22 23 24 25 26 27 28
20 19 17 16 14
20 17 14
9.5
08:00-17:30
day
22 any
20 21 23
23 24 25 26 27 28 29
20 19 17 16 14
20 17 14
12.0
08:00-20:00
day
23 any
21 22 24 25
24 25 26 27 28 29 30 31
22 20 19 17 16
24 25 27 28 30 31
13
19:30-08:30 (Tuesday)
night overlaps
next
24 any senior
23 25 26
25 26 27 28 29 30 31
23 22 20 19 17
23 20 17
9.5
08:00-17:30
day
25 any
23 24 26
26 27 28 29 30 31 32
23 22 20 19 17
23 20 17
12.0
08:00-20:00
day
26 any
24 25 27 28
27 28 29 30 31 32 33 34
25 23 22 20 19
27 28 30 31 33 34
13
19:30-08:30 (Wednesday)
night overlaps
next
27 any senior
26 28 29
28 29 30 31 32 33 34
26 25 23 22 20
26 23 20
9.5
08:00-17:30
day
28 any
26 27 29
29 30 31 32 33 34 35
26 25 23 22 20
26 23 20
12.0
08:00-20:00
day
29 any
27 28 30 31
30 31 32 33 34 35 36 37
28 26 25 23 22
30 31 33 34 36 37
13
19:30-08:30 (Thursday)
night overlaps
next
30 any senior
29 31 32
31 32 33 34 35 36 37
29 28 26 25 23
29 26 23
9.5
08:00-17:30
day
31 any
29 30 32
32 33 34 35 36 37 38
29 28 26 25 23
29 26 23
12.0
08:00-20:00
day
32 any
30 31 33 34
33 34 35 36 37 38 39 40
31 29 28 26 25
33 34 36 37 39 40
13
19:30-08:30 (Friday)
night overlaps
next
33 any senior
32 34 35
34 35 36 37 38 39 40
32 31 29 28 26
32 29 26
9.5
08:00-17:30
day
34 any
32 33 35
35 36 37 38 39 40 41
32 31 29 28 26
32 29 26
12.0
08:00-20:00
day
35 any
33 34 36 37
36 37 38 39 40 41 42 43
34 32 31 29 28
36 37 39 40 42 43
13
19:30-08:30 (Saturday)
night overlaps
next
36 any senior
35 37 38
37 38 39 40 41 42 43
35 34 32 31 29
35 32 29
9.5
08:00-17:30
day
37 any
35 36 38
38 39 40 41 42 43 44
35 34 32 31 29
35 32 29
12.0
08:00-20:00
day
38 any
36 37 39 40
39 40 41 42 43 44 45 46
37 35 34 32 31
39 40 42 43 45 46
13
19:30-08:30 (Sunday)
night overlaps
next
39 any senior
38 40 41
40 41 42 43 44 45 46
38 37 35 34 32
38 35 32
9.5
08:00-17:30
day
40 any
38 39 41
41 42 43 44 45 46 47
38 37 35 34 32
38 35 32
12.0
08:00-20:00
day
41 any
39 40 42 43
42 43 44 45 46 47 48 49
40 38 37 35 34
42 43 45 46 48 49
13
19:30-08:30 (Monday)
night overlaps
next
42 any senior
41 43 44
43 44 45 46 47 48 49
41 40 38 37 35
41 38 35
9.5
08:00-17:30
day
43 any
41 42 44
44 45 46 47 48 49 50
41 40 38 37 35
41 38 35
12.0
08:00-20:00
day
44 any
42 43 45 46
45 46 47 48 49 50 51 52
43 41 40 38 37
45 46 48 49 51 52
13
19:30-08:30 (Tuesday)
night overlaps
next
45 any senior
44 46 47
46 47 48 49 50 51 52
44 43 41 40 38
44 41 38
9.5
08:00-17:30
day
46 any
44 45 47
47 48 49 50 51 52 53
44 43 41 40 38
44 41 38
12.0
08:00-20:00
day
47 any
45 46 48 49
48 49 50 51 52 53 54 55
46 44 43 41 40
48 49 51 52 54 55
13
19:30-08:30 (Wednesday)
night overlaps
next
48 any senior
47 49 50
49 50 51 52 53 54 55
47 46 44 43 41
47 44 41
9.5
08:00-17:30
day
49 any
47 48 50
50 51 52 53 54 55 56
47 46 44 43 41
47 44 41
12.0
08:00-20:00
day
50 any
48 49 51 52
51 52 53 54 55 56 57 58
49 47 46 44 43
51 52 54 55 57 58
13
19:30-08:30 (Thursday)
night overlaps
next
51 any senior
50 52 53
52 53 54 55 56 57 58
50 49 47 46 44
50 47 44
9.5
08:00-17:30
day
52 any
50 51 53
53 54 55 56 57 58 59
50 49 47 46 44
50 47 44
12.0
08:00-20:00
day
53 any
51 52 54 55
54 55 56 57 58 59 60 61
52 50 49 47 46
54 55 57 58 60 61
13
19:30-08:30 (Friday)
night overlaps
next
54 any senior
53 55 56
55 56 57 58 59 60 61
53 52 50 49 47
53 50 47
9.5
08:00-17:30
day
55 any
53 54 56
56 57 58 59 60 61 62
53 52 50 49 47
53 50 47
12.0
08:00-20:00
day
56 any
54 55 57 58
57 58 59 60 61 62 63 64
55 53 52 50 49
57 58 60 61 63 64
13
19:30-08:30 (Saturday)
night overlaps
next
57 any senior
56 58 59
58 59 60 61 62 63 64
56 55 53 52 50
56 53 50
9.5
08:00-17:30
day
58 any
56 57 59
59 60 61 62 63 64 65
56 55 53 52 50
56 53 50
12.0
08:00-20:00
day
59 any
57 58 60 61
60 61 62 63 64 65 66 67
58 56 55 53 52
60 61 63 64 66 67
13
19:30-08:30 (Sunday)
night overlaps
next
60 any senior
59 61 62
61 62 63 64 65 66 67
59 58 56 55 53
59 56 53
9.5
08:00-17:30
day
61 any
59 60 62
62 63 64 65 66 67 68
59 58 56 55 53
59 56 53
12.0
08:00-20:00
day
62 any
60 61 63 64
63 64 65 66 67 68 69 70
61 59 58 56 55
63 64 66 67 69 70
13
19:30-08:30 (Monday)
night overlaps
next
63 any senior
62 64 65
64 65 66 67 68 69 70
62 61 59 58 56
62 59 56
9.5
08:00-17:30
day
64 any
62 63 65
65 66 67 68 69 70 71
62 61 59 58 56
62 59 56
12.0
08:00-20:00
day
65 any
63 64 66 67
66 67 68 69 70 71 72 73
64 62 61 59 58
66 67 69 70 72 73
13
19:30-08:30 (Tuesday)
night overlaps
next
66 any senior
65 67 68
67 68 69 70 71 72 73
65 64 62 61 59
65 62 59
9.5
08:00-17:30
day
67 any
65 66 68
68 69 70 71 72 73 74
65 64 62 61 59
65 62 59
12.0
08:00-20:00
day
68 any
66 67 69 70
69 70 71 72 73 74 75 76
67 65 64 62 61
69 70 72 73 75 76
13
19:30-08:30 (Wednesday)
night overlaps
next
69 any senior
68 70 71
70 71 72 73 74 75 76
68 67 65 64 62
68 65 62
9.5
08:00-17:30
day
70 any
68 69 71
71 72 73 74 75 76 77
68 67 65 64 62
68 65 62
12.0
08:00-20:00
day
71 any
69 70 72 73
72 73 74 75 76 77 78 79
70 68 67 65 64
72 73 75 76 78 79
13
19:30-08:30 (Thursday)
night overlaps
next
72 any senior
71 73 74
73 74 75 76 77 78 79
71 70 68 67 65
71 68 65
9.5
08:00-17:30
day
73 any
71 72 74
74 75 76 77 78 79 80
71 70 68 67 65
71 68 65
12.0
08:00-20:00
day
74 any
72 73 75 76
75 76 77 78 79 80 81 82
73 71 70 68 67
75 76 78 79 81 82
13
19:30-08:30 (Friday)
night overlaps
next
75 any senior
74 76 77
76 77 78 79 80 81 82
74 73 71 70 68
74 71 68
9.5
08:00-17:30
day
76 any
74 75 77
77 78 79 80 81 82 83
74 73 71 70 68
74 71 68
12.0
08:00-20:00
day
77 any
75 76 78 79
78 79 80 81 82 83 84 85
76 74 73 71 70
78 79 81 82 84 85
13
19:30-08:30 (Saturday)
night overlaps
next
78 any senior
77 79 80
79 80 81 82 83 84 85
77 76 74 73 71
77 74 71
9.5
08:00-17:30
day
79 any
77 78 80
80 81 82 83 84 85 86
77 76 74 73 71
77 74 71
12.0
08:00-20:00
day
80 any
78 79 81 82
81 82 83 84 85 86 87 88
79 77 76 74 73
81 82 84 85 87 88
13
19:30-08:30 (Sunday)
night overlaps
next
81 any senior
80 82 83
82 83 84 85 86 87 88
80 79 77 76 74
80 77 74
9.5
08:00-17:30
day
82 any
80 81 83
83 84 85 86 87 88 89
80 79 77 76 74
80 77 74
12.0
08:00-20:00
day
83 any
81 82 84 85
84 85 86 87 88 89 90 91
82 80 79 77 76
84 85 87 88 90 91
13
19:30-08:30 (Monday)
night overlaps
next
84 any senior
83 85 86
85 86 87 88 89 90 91
83 82 80 79 77
83 80 77
9.5
08:00-17:30
day
85 any
83 84 86
86 87 88 89 90 91 92
83 82 80 79 77
83 80 77
12.0
08:00-20:00
day
86 any
84 85 87 88
87 88 89 90 91 92 93 94
85 83 82 80 79
87 88 90 91 93 94
13
19:30-08:30 (Tuesday)
night overlaps
next
87 any senior
86 88 89
88 89 90 91 92 93 94
86 85 83 82 80
86 83 80
9.5
08:00-17:30
day
88 any
86 87 89
89 90 91 92 93 94 95
86 85 83 82 80
86 83 80
12.0
08:00-20:00
day
89 any
87 88 90 91
90 91 92 93 94 95 96 97
88 86 85 83 82
90 91 93 94 96 97
13
19:30-08:30 (Wednesday)
night overlaps
next
90 any senior
89 91 92
91 92 93 94 95 96 97
89 88 86 85 83
89 86 83
9.5
08:00-17:30
day
91 any
89 90 92
92 93 94 95 96 97 98
89 88 86 85 83
89 86 83
12.0
08:00-20:00
day
92 any
90 91 93 94
93 94 95 96 97 98 99 100
91 89 88 86 85
93 94 96 97 99 100
13
19:30-08:30 (Thursday)
night overlaps
next
93 any senior
92 94 95
94 95 96 97 98 99 100
92 91 89 88 86
92 89 86
9.5
08:00-17:30
day
94 any
92 93 95
95 96 97 98 99 100 101
92 91 89 88 86
92 89 86
12.0
08:00-20:00
day
95 any
93 94 96 97
96 97 98 99 100 101 102 103
94 92 91 89 88
96 97 99 100 102 103
13
19:30-08:30 (Friday)
night overlaps
next
96 any senior
95 97 98
97 98 99 100 101 102 103
95 94 92 91 89
95 92 89
9.5
08:00-17:30
day
97 any
95 96 98
98 99 100 101 102 103 104
95 94 92 91 89
95 92 89
12.0
08:00-20:00
day
98 any
96 97 99 100
99 100 101 102 103 104 105 106
97 95 94 92 91
99 100 102 103 105 106
13
19:30-08:30 (Saturday)
night overlaps
next
99 any senior
98 100 101
100 101 102 103 104 105 106
98 97 95 94 92
98 95 92
9.5
08:00-17:30
day
100 any
98 99 101
101 102 103 104 105 106 107
98 97 95 94 92
98 95 92
12.0
08:00-20:00
day
101 any
99 100 102 103
102 103 104 105 106 107 108 109
100 98 97 95 94
102 103 105 106 108 109
13
19:30-08:30 (Sunday)
night overlaps
next
102 any senior
101 103 104
103 104 105 106 107 108 109
101 100 98 97 95
101 98 95
9.5
08:00-17:30
day
103 any
101 102 104
104 105 106 107 108 109 110
101 100 98 97 95
101 98 95
12.0
08:00-20:00
day
104 any
102 103 105 106
105 106 107 108 109 110 111 112
103 101 100 98 97
105 106 108 109 111 112
13
19:30-08:30 (Monday)
night overlaps
next
105 any senior
104 106 107
106 107 108 109 110 111 112
104 103 101 100 98
104 101 98
9.5
08:00-17:30
day
106 any
104 105 107
107 108 109 110 111 112 113
104 103 101 100 98
104 101 98
12.0
08:00-20:00
day
107 any
105 106 108 109
108 109 110 111 112 113 114 115
106 104 103 101 100
108 109 111 112 114 115
13
19:30-08:30 (Tuesday)
night overlaps
next
108 any senior
107 109 110
109 110 111 112 113 114 115
107 106 104 103 101
107 104 101
9.5
08:00-17:30
day
109 any
107 108 110
110 111 112 113 114 115 116
107 106 104 103 101
107 104 101
12.0
08:00-20:00
day
110 any
108 109 111 112
111 112 113 114 115 116 117 118
109 107 106 104 103
111 112 114 115 117 118
13
19:30-08:30 (Wednesday)
night overlaps
next
111 any senior
110 112 113
112 113 114 115 116 117 118
110 109 107 106 104
110 107 104
9.5
08:00-17:30
day
112 any
110 111 113
113 114 115 116 117 118 119
110 109 107 106 104
110 107 104
12.0
08:00-20:00
day
113 any
111 112 114 115
114 115 116 117 118 119 120 121
112 110 109 107 106
114 115 117 118 120 121
13
19:30-08:30 (Thursday)
night overlaps
next
114 any senior
113 115 116
115 116 117 118 119 120 121
113 112 110 109 107
113 110 107
9.5
08:00-17:30
day
115 any
113 114 116
116 117 118 119 120 121 122
113 112 110 109 107
113 110 107
12.0
08:00-20:00
day
116 any
114 115 117 118
117 118 119 120 121 122 123 124
115 113 112 110 109
117 118 120 121 123 124
13
19:30-08:30 (Friday)
night overlaps
next
117 any senior
116 118 119
118 119 120 121 122 123 124
116 115 113 112 110
116 113 110
9.5
08:00-17:30
day
118 any
116 117 119
119 120 121 122 123 124 125
116 115 113 112 110
116 113 110
12.0
08:00-20:00
day
119 any
117 118 120 121
120 121 122 123 124 125 126 127
118 116 115 113 112
120 121 123 124 126 127
13
19:30-08:30 (Saturday)
night overlaps
next
120 any senior
119 121 122
121 122 123 124 125 126 127
119 118 116 115 113
119 116 113
9.5
08:00-17:30
day
121 any
119 120 122
122 123 124 125 126 127 128
119 118 116 115 113
119 116 113
12.0
08:00-20:00
day
122 any
120 121 123 124
123 124 125 126 127 128 129 130
121 119 118 116 115
123 124 126 127 129 130
13
19:30-08:30 (Sunday)
night overlaps
next
123 any senior
122 124 125
124 125 126 127 128 129 130
122 121 119 118 116
122 119 116
9.5
08:00-17:30
day
124 any
122 123 125
125 126 127 128 129 130 131
122 121 119 118 116
122 119 116
12.0
08:00-20:00
day
125 any
123 124 126 127
126 127 128 129 130 131 132 133
124 122 121 119 118
126 127 129 130 132 133
13
19:30-08:30 (Monday)
night overlaps
next
126 any senior
125 127 128
127 128 129 130 131 132 133
125 124 122 121 119
125 122 119
9.5
08:00-17:30
day
127 any
125 126 128
128 129 130 131 132 133 134
125 124 122 121 119
125 122 119
12.0
08:00-20:00
day
128 any
126 127 129 130
129 130 131 132 133 134 135 136
127 125 124 122 121
129 130 132 133 135 136
13
19:30-08:30 (Tuesday)
night overlaps
next
129 any senior
128 130 131
130 131 132 133 134 135 136
128 127 125 124 122
128 125 122
9.5
08:00-17:30
day
130 any
128 129 131
131 132 133 134 135 136 137
128 127 125 124 122
128 125 122
12.0
08:00-20:00
day
131 any
129 130 132 133
132 133 134 135 136 137 138 139
130 128 127 125 124
132 133 135 136 138 139
13
19:30-08:30 (Wednesday)
night overlaps
next
132 any senior
131 133 134
133 134 135 136 137 138 139
131 130 128 127 125
131 128 125
9.5
08:00-17:30
day
133 any
131 132 134
134 135 136 137 138 139 140
131 130 128 127 125
131 128 125
12.0
08:00-20:00
day
134 any
132 133 135 136
135 136 137 138 139 140 141 142
133 131 130 128 127
135 136 138 139 141 142
13
19:30-08:30 (Thursday)
night overlaps
next
135 any senior
134 136 137
136 137 138 139 140 141 142
134 133 131 130 128
134 131 128
9.5
08:00-17:30
day
136 any
134 135 137
137 138 139 140 141 142 143
134 133 131 130 128
134 131 128
12.0
08:00-20:00
day
137 any
135 136 138 139
138 139 140 141 142 143 144 145
136 134 133 131 130
138 139 141 142 144 145
13
19:30-08:30 (Friday)
night overlaps
next
138 any senior
137 139 140
139 140 141 142 143 144 145
137 136 134 133 131
137 134 131
9.5
08:00-17:30
day
139 any
137 138 140
140 141 142 143 144 145 146
137 136 134 133 131
137 134 131
12.0
08:00-20:00
day
140 any
138 139 141 142
141 142 143 144 145 146 147 148
139 137 136 134 133
141 142 144 145 147 148
13
19:30-08:30 (Saturday)
night overlaps
next
141 any senior
140 142 143
142 143 144 145 146 147 148
140 139 137 136 134
140 137 134
9.5
08:00-17:30
day
142 any
140 141 143
143 144 145 146 147 148 149
140 139 137 136 134
140 137 134
12.0
08:00-20:00
day
143 any
141 142 144 145
144 145 146 147 148 149 150 151
142 140 139 137 136
144 145 147 148 150 151
13
19:30-08:30 (Sunday)
night overlaps
next
144 any senior
143 145 146
145 146 147 148 149 150 151
143 142 140 139 137
143 140 137
9.5
08:00-17:30
day
145 any
143 144 146
146 147 148 149 150 151 152
143 142 140 139 137
143 140 137
12.0
08:00-20:00
day
146 any
144 145 147 148
147 148 149 150 151 152 153 154
145 143 142 140 139
147 148 150 151 153 154
13
19:30-08:30 (Monday)
night overlaps
next
147 any senior
146 148 149
148 149 150 151 152 153 154
146 145 143 142 140
146 143 140
9.5
08:00-17:30
day
148 any
146 147 149
149 150 151 152 153 154 155
146 145 143 142 140
146 143 140
12.0
08:00-20:00
day
149 any
147 148 150 151
150 151 152 153 154 155 156 157
148 146 145 143 142
150 151 153 154 156 157
13
19:30-08:30 (Tuesday)
night overlaps
next
150 any senior
149 151 152
151 152 153 154 155 156 157
149 148 146 145 143
149 146 143
9.5
08:00-17:30
day
151 any
149 150 152
152 153 154 155 156 157 158
149 148 146 145 143
149 146 143
12.0
08:00-20:00
day
152 any
150 151 153 154
153 154 155 156 157 158 159 160
151 149 148 146 145
153 154 156 157 159 160
13
19:30-08:30 (Wednesday)
night overlaps
next
153 any senior
152 154 155
154 155 156 157 158 159 160
152 151 149 148 146
152 149 146
9.5
08:00-17:30
day
154 any
152 153 155
155 156 157 158 159 160 161
152 151 149 148 146
152 149 146
12.0
08:00-20:00
day
155 any
153 154 156 157
156 157 158 159 160 161 162 163
154 152 151 149 148
156 157 159 160 162 163
13
19:30-08:30 (Thursday)
night overlaps
next
156 any senior
155 157 158
157 158 159 160 161 162 163
155 154 152 151 149
155 152 149
9.5
08:00-17:30
day
157 any
155 156 158
158 159 160 161 162 163 164
155 154 152 151 149
155 152 149
12.0
08:00-20:00
day
158 any
156 157 159 160
159 160 161 162 163 164 165 166
157 155 154 152 151
159 160 162 163 165 166
13
19:30-08:30 (Friday)
night overlaps
next
159 any senior
158 160 161
160 161 162 163 164 165 166
158 157 155 154 152
158 155 152
9.5
08:00-17:30
day
160 any
158 159 161
161 162 163 164 165 166 167
158 157 155 154 152
158 155 152
12.0
08:00-20:00
day
161 any
159 160 162 163
162 163 164 165 166 167
160 158 157 155 154
162 163 165 166
13
19:30-08:30 (Saturday)
night overlaps
next
162 any senior
161 163 164
163 164 165 166 167
161 160 158 157 155
161 158 155
9.5
08:00-17:30
day
163 any
161 162 164
164 165 166 167
161 160 158 157 155
161 158 155
12.0
08:00-20:00
day
164 any
162 163 165 166
165 166 167
163 161 160 158 157
165 166
13
19:30-08:30 (Sunday)
night overlaps
next
165 any senior
164 166 167
166 167
164 163 161 160 158
164 161 158
9.5
08:00-17:30
day
166 any
164 165 167
167
164 163 161 160 158
164 161 158
12.0
08:00-20:00
day
167 any
165 166
NULL
166 164 163 161 160
NULL
13
19:30-08:30 (Monday)
night overlaps
next
