junior senior any
47
23 12
8
10
0 NULL 138.0 68,69,70,71,180,181,182,183,32,33,34,35,144,145,146,147 4-7 3-4 NULL junior NO
0 NULL 138.0 0,1,2,3,112,113,114,115,88,89,90,91,200,201,202,203 3-4 2-3 NULL junior NO
0 NULL 138.0 40,41,42,43,152,153,154,155,12,13,14,15,124,125,126,127 None 1-3 NULL junior NO
0 NULL 138.0 40,41,42,43,152,153,154,155,12,13,14,15,124,125,126,127 None 2-4 NULL junior NO
0 NULL 138.0 84,85,86,87,196,197,198,199,4,5,6,7,116,117,118,119 4-6 2-3 NULL junior NO
0 NULL 138.0 84,85,86,87,196,197,198,199,4,5,6,7,116,117,118,119 None 1-3 NULL senior NO
0 NULL 138.0 0,1,2,3,112,113,114,115,88,89,90,91,200,201,202,203 None 1-2 20,44,60,84,116,152,168,220 senior NO
0 NULL 138.0 96,97,98,99,208,209,210,211,60,61,62,63,172,173,174,175 4-6 2-3 NULL senior NO
0 NULL 138.0 68,69,70,71,180,181,182,183,32,33,34,35,144,145,146,147 4-7 3-4 NULL senior NO
0 NULL 138.0 96,97,98,99,208,209,210,211,60,61,62,63,172,173,174,175 4-7 3-4 NULL senior NO
0 any senior
1 2 3
1 2 3 4 5 6 7 8 9
NULL
NULL
8.0
08:00-16:00
day
1 any
2 3 4 0
2 3 4 5 6 7 8 9 10
NULL
NULL
8.0
14:00-22:00
day
2 any
3 4 5 1 0
3 4 5 6 7 8 9 10 11
NULL
4 5 8 9
8.0
17:00-01:00 (Tuesday)
night overlaps
3 any senior
4 5 6 2 1 0
4 5 6 7 8 9 10 11 12
NULL
4 5 8 9 12
10.5
22:00-08:30 (Tuesday)
night overlaps
next
4 any senior
5 6 7 3 2 1
5 6 7 8 9 10 11 12 13
NULL
3 2
8.0
08:00-16:00
day
5 any
6 7 8 4 3 2
6 7 8 9 10 11 12 13 14
NULL
3 2
8.0
14:00-22:00
day
6 any
7 8 9 5 4 3
7 8 9 10 11 12 13 14 15
NULL
8 9 12 13
8.0
17:00-01:00 (Wednesday)
night overlaps
7 any senior
8 9 10 6 5 4
8 9 10 11 12 13 14 15 16
NULL
8 9 12 13 16
10.5
22:00-08:30 (Wednesday)
night overlaps
next
8 any senior
9 10 11 7 6 5
9 10 11 12 13 14 15 16 17
NULL
7 6 3 2
8.0
08:00-16:00
day
9 any
10 11 12 8 7 6
10 11 12 13 14 15 16 17 18
NULL
7 6 3 2
8.0
14:00-22:00
day
10 any
11 12 13 9 8 7
11 12 13 14 15 16 17 18 19
NULL
12 13 16 17
8.0
17:00-01:00 (Thursday)
night overlaps
11 any senior
12 13 14 10 9 8
12 13 14 15 16 17 18 19 20
NULL
12 13 16 17 20
10.5
22:00-08:30 (Thursday)
night overlaps
next
12 any senior
13 14 15 11 10 9
13 14 15 16 17 18 19 20 21
NULL
11 10 7 6 3
8.0
08:00-16:00
day
13 any
14 15 16 12 11 10
14 15 16 17 18 19 20 21 22
NULL
11 10 7 6
8.0
14:00-22:00
day
14 any
15 16 17 13 12 11
15 16 17 18 19 20 21 22 23
NULL
16 17 20 21
8.0
17:00-01:00 (Friday)
night overlaps
15 any senior
16 17 18 14 13 12
16 17 18 19 20 21 22 23 24
NULL
16 17 20 21 24
10.5
22:00-08:30 (Friday)
night overlaps
next
16 any senior
17 18 19 15 14 13
17 18 19 20 21 22 23 24 25
NULL
15 14 11 10 7
8.0
08:00-16:00
day
17 any
18 19 20 16 15 14
18 19 20 21 22 23 24 25 26
NULL
15 14 11 10
8.0
14:00-22:00
day
18 any
19 20 21 17 16 15
19 20 21 22 23 24 25 26 27
NULL
20 21 24 25
8.0
17:00-01:00 (Saturday)
night overlaps
19 any senior
20 21 22 18 17 16
20 21 22 23 24 25 26 27 28
NULL
20 21 24 25 28
10.5
22:00-08:30 (Saturday)
night overlaps
next
20 any senior
21 22 23 19 18 17
21 22 23 24 25 26 27 28 29
NULL
19 18 15 14 11
8.0
08:00-16:00
day
21 any
22 23 24 20 19 18
22 23 24 25 26 27 28 29 30
NULL
19 18 15 14
8.0
14:00-22:00
day
22 any
23 24 25 21 20 19
23 24 25 26 27 28 29 30 31
NULL
24 25 28 29
8.0
17:00-01:00 (Sunday)
night overlaps
23 any senior
24 25 26 22 21 20
24 25 26 27 28 29 30 31 32
NULL
24 25 28 29 32
10.5
22:00-08:30 (Sunday)
night overlaps
next
24 any senior
25 26 27 23 22 21
25 26 27 28 29 30 31 32 33
NULL
23 22 19 18 15
8.0
08:00-16:00
day
25 any
26 27 28 24 23 22
26 27 28 29 30 31 32 33 34
NULL
23 22 19 18
8.0
14:00-22:00
day
26 any
27 28 29 25 24 23
27 28 29 30 31 32 33 34 35
NULL
28 29 32 33
8.0
17:00-01:00 (Monday)
night overlaps
27 any senior
28 29 30 26 25 24
28 29 30 31 32 33 34 35 36
NULL
28 29 32 33 36
10.5
22:00-08:30 (Monday)
night overlaps
next
28 any senior
29 30 31 27 26 25
29 30 31 32 33 34 35 36 37
NULL
27 26 23 22 19
8.0
08:00-16:00
day
29 any
30 31 32 28 27 26
30 31 32 33 34 35 36 37 38
NULL
27 26 23 22
8.0
14:00-22:00
day
30 any
31 32 33 29 28 27
31 32 33 34 35 36 37 38 39
NULL
32 33 36 37
8.0
17:00-01:00 (Tuesday)
night overlaps
31 any senior
32 33 34 30 29 28
32 33 34 35 36 37 38 39 40
NULL
32 33 36 37 40
10.5
22:00-08:30 (Tuesday)
night overlaps
next
32 any senior
33 34 35 31 30 29
33 34 35 36 37 38 39 40 41
NULL
31 30 27 26 23
8.0
08:00-16:00
day
33 any
34 35 36 32 31 30
34 35 36 37 38 39 40 41 42
NULL
31 30 27 26
8.0
14:00-22:00
day
34 any
35 36 37 33 32 31
35 36 37 38 39 40 41 42 43
NULL
36 37 40 41
8.0
17:00-01:00 (Wednesday)
night overlaps
35 any senior
36 37 38 34 33 32
36 37 38 39 40 41 42 43 44
NULL
36 37 40 41 44
10.5
22:00-08:30 (Wednesday)
night overlaps
next
36 any senior
37 38 39 35 34 33
37 38 39 40 41 42 43 44 45
NULL
35 34 31 30 27
8.0
08:00-16:00
day
37 any
38 39 40 36 35 34
38 39 40 41 42 43 44 45 46
NULL
35 34 31 30
8.0
14:00-22:00
day
38 any
39 40 41 37 36 35
39 40 41 42 43 44 45 46 47
NULL
40 41 44 45
8.0
17:00-01:00 (Thursday)
night overlaps
39 any senior
40 41 42 38 37 36
40 41 42 43 44 45 46 47 48
NULL
40 41 44 45 48
10.5
22:00-08:30 (Thursday)
night overlaps
next
40 any senior
41 42 43 39 38 37
41 42 43 44 45 46 47 48 49
NULL
39 38 35 34 31
8.0
08:00-16:00
day
41 any
42 43 44 40 39 38
42 43 44 45 46 47 48 49 50
NULL
39 38 35 34
8.0
14:00-22:00
day
42 any
43 44 45 41 40 39
43 44 45 46 47 48 49 50 51
NULL
44 45 48 49
8.0
17:00-01:00 (Friday)
night overlaps
43 any senior
44 45 46 42 41 40
44 45 46 47 48 49 50 51 52
NULL
44 45 48 49 52
10.5
22:00-08:30 (Friday)
night overlaps
next
44 any senior
45 46 47 43 42 41
45 46 47 48 49 50 51 52 53
NULL
43 42 39 38 35
8.0
08:00-16:00
day
45 any
46 47 48 44 43 42
46 47 48 49 50 51 52 53 54
NULL
43 42 39 38
8.0
14:00-22:00
day
46 any
47 48 49 45 44 43
47 48 49 50 51 52 53 54 55
NULL
48 49 52 53
8.0
17:00-01:00 (Saturday)
night overlaps
47 any senior
48 49 50 46 45 44
48 49 50 51 52 53 54 55 56
NULL
48 49 52 53 56
10.5
22:00-08:30 (Saturday)
night overlaps
next
48 any senior
49 50 51 47 46 45
49 50 51 52 53 54 55 56 57
NULL
47 46 43 42 39
8.0
08:00-16:00
day
49 any
50 51 52 48 47 46
50 51 52 53 54 55 56 57 58
NULL
47 46 43 42
8.0
14:00-22:00
day
50 any
51 52 53 49 48 47
51 52 53 54 55 56 57 58 59
NULL
52 53 56 57
8.0
17:00-01:00 (Sunday)
night overlaps
51 any senior
52 53 54 50 49 48
52 53 54 55 56 57 58 59 60
NULL
52 53 56 57 60
10.5
22:00-08:30 (Sunday)
night overlaps
next
52 any senior
53 54 55 51 50 49
53 54 55 56 57 58 59 60 61
NULL
51 50 47 46 43
8.0
08:00-16:00
day
53 any
54 55 56 52 51 50
54 55 56 57 58 59 60 61 62
NULL
51 50 47 46
8.0
14:00-22:00
day
54 any
55 56 57 53 52 51
55 56 57 58 59 60 61 62 63
NULL
56 57 60 61
8.0
17:00-01:00 (Monday)
night overlaps
55 any senior
56 57 58 54 53 52
56 57 58 59 60 61 62 63 64
NULL
56 57 60 61 64
10.5
22:00-08:30 (Monday)
night overlaps
next
56 any senior
57 58 59 55 54 53
57 58 59 60 61 62 63 64 65
NULL
55 54 51 50 47
8.0
08:00-16:00
day
57 any
58 59 60 56 55 54
58 59 60 61 62 63 64 65 66
NULL
55 54 51 50
8.0
14:00-22:00
day
58 any
59 60 61 57 56 55
59 60 61 62 63 64 65 66 67
NULL
60 61 64 65
8.0
17:00-01:00 (Tuesday)
night overlaps
59 any senior
60 61 62 58 57 56
60 61 62 63 64 65 66 67 68
NULL
60 61 64 65 68
10.5
22:00-08:30 (Tuesday)
night overlaps
next
60 any senior
61 62 63 59 58 57
61 62 63 64 65 66 67 68 69
NULL
59 58 55 54 51
8.0
08:00-16:00
day
61 any
62 63 64 60 59 58
62 63 64 65 66 67 68 69 70
NULL
59 58 55 54
8.0
14:00-22:00
day
62 any
63 64 65 61 60 59
63 64 65 66 67 68 69 70 71
NULL
64 65 68 69
8.0
17:00-01:00 (Wednesday)
night overlaps
63 any senior
64 65 66 62 61 60
64 65 66 67 68 69 70 71 72
NULL
64 65 68 69 72
10.5
22:00-08:30 (Wednesday)
night overlaps
next
64 any senior
65 66 67 63 62 61
65 66 67 68 69 70 71 72 73
NULL
63 62 59 58 55
8.0
08:00-16:00
day
65 any
66 67 68 64 63 62
66 67 68 69 70 71 72 73 74
NULL
63 62 59 58
8.0
14:00-22:00
day
66 any
67 68 69 65 64 63
67 68 69 70 71 72 73 74 75
NULL
68 69 72 73
8.0
17:00-01:00 (Thursday)
night overlaps
67 any senior
68 69 70 66 65 64
68 69 70 71 72 73 74 75 76
NULL
68 69 72 73 76
10.5
22:00-08:30 (Thursday)
night overlaps
next
68 any senior
69 70 71 67 66 65
69 70 71 72 73 74 75 76 77
NULL
67 66 63 62 59
8.0
08:00-16:00
day
69 any
70 71 72 68 67 66
70 71 72 73 74 75 76 77 78
NULL
67 66 63 62
8.0
14:00-22:00
day
70 any
71 72 73 69 68 67
71 72 73 74 75 76 77 78 79
NULL
72 73 76 77
8.0
17:00-01:00 (Friday)
night overlaps
71 any senior
72 73 74 70 69 68
72 73 74 75 76 77 78 79 80
NULL
72 73 76 77 80
10.5
22:00-08:30 (Friday)
night overlaps
next
72 any senior
73 74 75 71 70 69
73 74 75 76 77 78 79 80 81
NULL
71 70 67 66 63
8.0
08:00-16:00
day
73 any
74 75 76 72 71 70
74 75 76 77 78 79 80 81 82
NULL
71 70 67 66
8.0
14:00-22:00
day
74 any
75 76 77 73 72 71
75 76 77 78 79 80 81 82 83
NULL
76 77 80 81
8.0
17:00-01:00 (Saturday)
night overlaps
75 any senior
76 77 78 74 73 72
76 77 78 79 80 81 82 83 84
NULL
76 77 80 81 84
10.5
22:00-08:30 (Saturday)
night overlaps
next
76 any senior
77 78 79 75 74 73
77 78 79 80 81 82 83 84 85
NULL
75 74 71 70 67
8.0
08:00-16:00
day
77 any
78 79 80 76 75 74
78 79 80 81 82 83 84 85 86
NULL
75 74 71 70
8.0
14:00-22:00
day
78 any
79 80 81 77 76 75
79 80 81 82 83 84 85 86 87
NULL
80 81 84 85
8.0
17:00-01:00 (Sunday)
night overlaps
79 any senior
80 81 82 78 77 76
80 81 82 83 84 85 86 87 88
NULL
80 81 84 85 88
10.5
22:00-08:30 (Sunday)
night overlaps
next
80 any senior
81 82 83 79 78 77
81 82 83 84 85 86 87 88 89
NULL
79 78 75 74 71
8.0
08:00-16:00
day
81 any
82 83 84 80 79 78
82 83 84 85 86 87 88 89 90
NULL
79 78 75 74
8.0
14:00-22:00
day
82 any
83 84 85 81 80 79
83 84 85 86 87 88 89 90 91
NULL
84 85 88 89
8.0
17:00-01:00 (Monday)
night overlaps
83 any senior
84 85 86 82 81 80
84 85 86 87 88 89 90 91 92
NULL
84 85 88 89 92
10.5
22:00-08:30 (Monday)
night overlaps
next
84 any senior
85 86 87 83 82 81
85 86 87 88 89 90 91 92 93
NULL
83 82 79 78 75
8.0
08:00-16:00
day
85 any
86 87 88 84 83 82
86 87 88 89 90 91 92 93 94
NULL
83 82 79 78
8.0
14:00-22:00
day
86 any
87 88 89 85 84 83
87 88 89 90 91 92 93 94 95
NULL
88 89 92 93
8.0
17:00-01:00 (Tuesday)
night overlaps
87 any senior
88 89 90 86 85 84
88 89 90 91 92 93 94 95 96
NULL
88 89 92 93 96
10.5
22:00-08:30 (Tuesday)
night overlaps
next
88 any senior
89 90 91 87 86 85
89 90 91 92 93 94 95 96 97
NULL
87 86 83 82 79
8.0
08:00-16:00
day
89 any
90 91 92 88 87 86
90 91 92 93 94 95 96 97 98
NULL
87 86 83 82
8.0
14:00-22:00
day
90 any
91 92 93 89 88 87
91 92 93 94 95 96 97 98 99
NULL
92 93 96 97
8.0
17:00-01:00 (Wednesday)
night overlaps
91 any senior
92 93 94 90 89 88
92 93 94 95 96 97 98 99 100
NULL
92 93 96 97 100
10.5
22:00-08:30 (Wednesday)
night overlaps
next
92 any senior
93 94 95 91 90 89
93 94 95 96 97 98 99 100 101
NULL
91 90 87 86 83
8.0
08:00-16:00
day
93 any
94 95 96 92 91 90
94 95 96 97 98 99 100 101 102
NULL
91 90 87 86
8.0
14:00-22:00
day
94 any
95 96 97 93 92 91
95 96 97 98 99 100 101 102 103
NULL
96 97 100 101
8.0
17:00-01:00 (Thursday)
night overlaps
95 any senior
96 97 98 94 93 92
96 97 98 99 100 101 102 103 104
NULL
96 97 100 101 104
10.5
22:00-08:30 (Thursday)
night overlaps
next
96 any senior
97 98 99 95 94 93
97 98 99 100 101 102 103 104 105
NULL
95 94 91 90 87
8.0
08:00-16:00
day
97 any
98 99 100 96 95 94
98 99 100 101 102 103 104 105 106
NULL
95 94 91 90
8.0
14:00-22:00
day
98 any
99 100 101 97 96 95
99 100 101 102 103 104 105 106 107
NULL
100 101 104 105
8.0
17:00-01:00 (Friday)
night overlaps
99 any senior
100 101 102 98 97 96
100 101 102 103 104 105 106 107 108
NULL
100 101 104 105 108
10.5
22:00-08:30 (Friday)
night overlaps
next
100 any senior
101 102 103 99 98 97
101 102 103 104 105 106 107 108 109
NULL
99 98 95 94 91
8.0
08:00-16:00
day
101 any
102 103 104 100 99 98
102 103 104 105 106 107 108 109 110
NULL
99 98 95 94
8.0
14:00-22:00
day
102 any
103 104 105 101 100 99
103 104 105 106 107 108 109 110 111
NULL
104 105 108 109
8.0
17:00-01:00 (Saturday)
night overlaps
103 any senior
104 105 106 102 101 100
104 105 106 107 108 109 110 111 112
NULL
104 105 108 109 112
10.5
22:00-08:30 (Saturday)
night overlaps
next
104 any senior
105 106 107 103 102 101
105 106 107 108 109 110 111 112 113
NULL
103 102 99 98 95
8.0
08:00-16:00
day
105 any
106 107 108 104 103 102
106 107 108 109 110 111 112 113 114
NULL
103 102 99 98
8.0
14:00-22:00
day
106 any
107 108 109 105 104 103
107 108 109 110 111 112 113 114 115
NULL
108 109 112 113
8.0
17:00-01:00 (Sunday)
night overlaps
107 any senior
108 109 110 106 105 104
108 109 110 111 112 113 114 115 116
NULL
108 109 112 113 116
10.5
22:00-08:30 (Sunday)
night overlaps
next
108 any senior
109 110 111 107 106 105
109 110 111 112 113 114 115 116 117
NULL
107 106 103 102 99
8.0
08:00-16:00
day
109 any
110 111 112 108 107 106
110 111 112 113 114 115 116 117 118
NULL
107 106 103 102
8.0
14:00-22:00
day
110 any
111 112 113 109 108 107
111 112 113 114 115 116 117 118 119
NULL
112 113 116 117
8.0
17:00-01:00 (Monday)
night overlaps
111 any senior
112 113 114 110 109 108
112 113 114 115 116 117 118 119 120
NULL
112 113 116 117 120
10.5
22:00-08:30 (Monday)
night overlaps
next
112 any senior
113 114 115 111 110 109
113 114 115 116 117 118 119 120 121
NULL
111 110 107 106 103
8.0
08:00-16:00
day
113 any
114 115 116 112 111 110
114 115 116 117 118 119 120 121 122
NULL
111 110 107 106
8.0
14:00-22:00
day
114 any
115 116 117 113 112 111
115 116 117 118 119 120 121 122 123
NULL
116 117 120 121
8.0
17:00-01:00 (Tuesday)
night overlaps
115 any senior
116 117 118 114 113 112
116 117 118 119 120 121 122 123 124
NULL
116 117 120 121 124
10.5
22:00-08:30 (Tuesday)
night overlaps
next
116 any senior
117 118 119 115 114 113
117 118 119 120 121 122 123 124 125
NULL
115 114 111 110 107
8.0
08:00-16:00
day
117 any
118 119 120 116 115 114
118 119 120 121 122 123 124 125 126
NULL
115 114 111 110
8.0
14:00-22:00
day
118 any
119 120 121 117 116 115
119 120 121 122 123 124 125 126 127
NULL
120 121 124 125
8.0
17:00-01:00 (Wednesday)
night overlaps
119 any senior
120 121 122 118 117 116
120 121 122 123 124 125 126 127 128
NULL
120 121 124 125 128
10.5
22:00-08:30 (Wednesday)
night overlaps
next
120 any senior
121 122 123 119 118 117
121 122 123 124 125 126 127 128 129
NULL
119 118 115 114 111
8.0
08:00-16:00
day
121 any
122 123 124 120 119 118
122 123 124 125 126 127 128 129 130
NULL
119 118 115 114
8.0
14:00-22:00
day
122 any
123 124 125 121 120 119
123 124 125 126 127 128 129 130 131
NULL
124 125 128 129
8.0
17:00-01:00 (Thursday)
night overlaps
123 any senior
124 125 126 122 121 120
124 125 126 127 128 129 130 131 132
NULL
124 125 128 129 132
10.5
22:00-08:30 (Thursday)
night overlaps
next
124 any senior
125 126 127 123 122 121
125 126 127 128 129 130 131 132 133
NULL
123 122 119 118 115
8.0
08:00-16:00
day
125 any
126 127 128 124 123 122
126 127 128 129 130 131 132 133 134
NULL
123 122 119 118
8.0
14:00-22:00
day
126 any
127 128 129 125 124 123
127 128 129 130 131 132 133 134 135
NULL
128 129 132 133
8.0
17:00-01:00 (Friday)
night overlaps
127 any senior
128 129 130 126 125 124
128 129 130 131 132 133 134 135 136
NULL
128 129 132 133 136
10.5
22:00-08:30 (Friday)
night overlaps
next
128 any senior
129 130 131 127 126 125
129 130 131 132 133 134 135 136 137
NULL
127 126 123 122 119
8.0
08:00-16:00
day
129 any
130 131 132 128 127 126
130 131 132 133 134 135 136 137 138
NULL
127 126 123 122
8.0
14:00-22:00
day
130 any
131 132 133 129 128 127
131 132 133 134 135 136 137 138 139
NULL
132 133 136 137
8.0
17:00-01:00 (Saturday)
night overlaps
131 any senior
132 133 134 130 129 128
132 133 134 135 136 137 138 139 140
NULL
132 133 136 137 140
10.5
22:00-08:30 (Saturday)
night overlaps
next
132 any senior
133 134 135 131 130 129
133 134 135 136 137 138 139 140 141
NULL
131 130 127 126 123
8.0
08:00-16:00
day
133 any
134 135 136 132 131 130
134 135 136 137 138 139 140 141 142
NULL
131 130 127 126
8.0
14:00-22:00
day
134 any
135 136 137 133 132 131
135 136 137 138 139 140 141 142 143
NULL
136 137 140 141
8.0
17:00-01:00 (Sunday)
night overlaps
135 any senior
136 137 138 134 133 132
136 137 138 139 140 141 142 143 144
NULL
136 137 140 141 144
10.5
22:00-08:30 (Sunday)
night overlaps
next
136 any senior
137 138 139 135 134 133
137 138 139 140 141 142 143 144 145
NULL
135 134 131 130 127
8.0
08:00-16:00
day
137 any
138 139 140 136 135 134
138 139 140 141 142 143 144 145 146
NULL
135 134 131 130
8.0
14:00-22:00
day
138 any
139 140 141 137 136 135
139 140 141 142 143 144 145 146 147
NULL
140 141 144 145
8.0
17:00-01:00 (Monday)
night overlaps
139 any senior
140 141 142 138 137 136
140 141 142 143 144 145 146 147 148
NULL
140 141 144 145 148
10.5
22:00-08:30 (Monday)
night overlaps
next
140 any senior
141 142 143 139 138 137
141 142 143 144 145 146 147 148 149
NULL
139 138 135 134 131
8.0
08:00-16:00
day
141 any
142 143 144 140 139 138
142 143 144 145 146 147 148 149 150
NULL
139 138 135 134
8.0
14:00-22:00
day
142 any
143 144 145 141 140 139
143 144 145 146 147 148 149 150 151
NULL
144 145 148 149
8.0
17:00-01:00 (Tuesday)
night overlaps
143 any senior
144 145 146 142 141 140
144 145 146 147 148 149 150 151 152
NULL
144 145 148 149 152
10.5
22:00-08:30 (Tuesday)
night overlaps
next
144 any senior
145 146 147 143 142 141
145 146 147 148 149 150 151 152 153
NULL
143 142 139 138 135
8.0
08:00-16:00
day
145 any
146 147 148 144 143 142
146 147 148 149 150 151 152 153 154
NULL
143 142 139 138
8.0
14:00-22:00
day
146 any
147 148 149 145 144 143
147 148 149 150 151 152 153 154 155
NULL
148 149 152 153
8.0
17:00-01:00 (Wednesday)
night overlaps
147 any senior
148 149 150 146 145 144
148 149 150 151 152 153 154 155 156
NULL
148 149 152 153 156
10.5
22:00-08:30 (Wednesday)
night overlaps
next
148 any senior
149 150 151 147 146 145
149 150 151 152 153 154 155 156 157
NULL
147 146 143 142 139
8.0
08:00-16:00
day
149 any
150 151 152 148 147 146
150 151 152 153 154 155 156 157 158
NULL
147 146 143 142
8.0
14:00-22:00
day
150 any
151 152 153 149 148 147
151 152 153 154 155 156 157 158 159
NULL
152 153 156 157
8.0
17:00-01:00 (Thursday)
night overlaps
151 any senior
152 153 154 150 149 148
152 153 154 155 156 157 158 159 160
NULL
152 153 156 157 160
10.5
22:00-08:30 (Thursday)
night overlaps
next
152 any senior
153 154 155 151 150 149
153 154 155 156 157 158 159 160 161
NULL
151 150 147 146 143
8.0
08:00-16:00
day
153 any
154 155 156 152 151 150
154 155 156 157 158 159 160 161 162
NULL
151 150 147 146
8.0
14:00-22:00
day
154 any
155 156 157 153 152 151
155 156 157 158 159 160 161 162 163
NULL
156 157 160 161
8.0
17:00-01:00 (Friday)
night overlaps
155 any senior
156 157 158 154 153 152
156 157 158 159 160 161 162 163 164
NULL
156 157 160 161 164
10.5
22:00-08:30 (Friday)
night overlaps
next
156 any senior
157 158 159 155 154 153
157 158 159 160 161 162 163 164 165
NULL
155 154 151 150 147
8.0
08:00-16:00
day
157 any
158 159 160 156 155 154
158 159 160 161 162 163 164 165 166
NULL
155 154 151 150
8.0
14:00-22:00
day
158 any
159 160 161 157 156 155
159 160 161 162 163 164 165 166 167
NULL
160 161 164 165
8.0
17:00-01:00 (Saturday)
night overlaps
159 any senior
160 161 162 158 157 156
160 161 162 163 164 165 166 167 168
NULL
160 161 164 165 168
10.5
22:00-08:30 (Saturday)
night overlaps
next
160 any senior
161 162 163 159 158 157
161 162 163 164 165 166 167 168 169
NULL
159 158 155 154 151
8.0
08:00-16:00
day
161 any
162 163 164 160 159 158
162 163 164 165 166 167 168 169 170
NULL
159 158 155 154
8.0
14:00-22:00
day
162 any
163 164 165 161 160 159
163 164 165 166 167 168 169 170 171
NULL
164 165 168 169
8.0
17:00-01:00 (Sunday)
night overlaps
163 any senior
164 165 166 162 161 160
164 165 166 167 168 169 170 171 172
NULL
164 165 168 169 172
10.5
22:00-08:30 (Sunday)
night overlaps
next
164 any senior
165 166 167 163 162 161
165 166 167 168 169 170 171 172 173
NULL
163 162 159 158 155
8.0
08:00-16:00
day
165 any
166 167 168 164 163 162
166 167 168 169 170 171 172 173 174
NULL
163 162 159 158
8.0
14:00-22:00
day
166 any
167 168 169 165 164 163
167 168 169 170 171 172 173 174 175
NULL
168 169 172 173
8.0
17:00-01:00 (Monday)
night overlaps
167 any senior
168 169 170 166 165 164
168 169 170 171 172 173 174 175 176
NULL
168 169 172 173 176
10.5
22:00-08:30 (Monday)
night overlaps
next
168 any senior
169 170 171 167 166 165
169 170 171 172 173 174 175 176 177
NULL
167 166 163 162 159
8.0
08:00-16:00
day
169 any
170 171 172 168 167 166
170 171 172 173 174 175 176 177 178
NULL
167 166 163 162
8.0
14:00-22:00
day
170 any
171 172 173 169 168 167
171 172 173 174 175 176 177 178 179
NULL
172 173 176 177
8.0
17:00-01:00 (Tuesday)
night overlaps
171 any senior
172 173 174 170 169 168
172 173 174 175 176 177 178 179 180
NULL
172 173 176 177 180
10.5
22:00-08:30 (Tuesday)
night overlaps
next
172 any senior
173 174 175 171 170 169
173 174 175 176 177 178 179 180 181
NULL
171 170 167 166 163
8.0
08:00-16:00
day
173 any
174 175 176 172 171 170
174 175 176 177 178 179 180 181 182
NULL
171 170 167 166
8.0
14:00-22:00
day
174 any
175 176 177 173 172 171
175 176 177 178 179 180 181 182 183
NULL
176 177 180 181
8.0
17:00-01:00 (Wednesday)
night overlaps
175 any senior
176 177 178 174 173 172
176 177 178 179 180 181 182 183 184
NULL
176 177 180 181 184
10.5
22:00-08:30 (Wednesday)
night overlaps
next
176 any senior
177 178 179 175 174 173
177 178 179 180 181 182 183 184 185
NULL
175 174 171 170 167
8.0
08:00-16:00
day
177 any
178 179 180 176 175 174
178 179 180 181 182 183 184 185 186
NULL
175 174 171 170
8.0
14:00-22:00
day
178 any
179 180 181 177 176 175
179 180 181 182 183 184 185 186 187
NULL
180 181 184 185
8.0
17:00-01:00 (Thursday)
night overlaps
179 any senior
180 181 182 178 177 176
180 181 182 183 184 185 186 187 188
NULL
180 181 184 185 188
10.5
22:00-08:30 (Thursday)
night overlaps
next
180 any senior
181 182 183 179 178 177
181 182 183 184 185 186 187 188 189
NULL
179 178 175 174 171
8.0
08:00-16:00
day
181 any
182 183 184 180 179 178
182 183 184 185 186 187 188 189 190
NULL
179 178 175 174
8.0
14:00-22:00
day
182 any
183 184 185 181 180 179
183 184 185 186 187 188 189 190 191
NULL
184 185 188 189
8.0
17:00-01:00 (Friday)
night overlaps
183 any senior
184 185 186 182 181 180
184 185 186 187 188 189 190 191 192
NULL
184 185 188 189 192
10.5
22:00-08:30 (Friday)
night overlaps
next
184 any senior
185 186 187 183 182 181
185 186 187 188 189 190 191 192 193
NULL
183 182 179 178 175
8.0
08:00-16:00
day
185 any
186 187 188 184 183 182
186 187 188 189 190 191 192 193 194
NULL
183 182 179 178
8.0
14:00-22:00
day
186 any
187 188 189 185 184 183
187 188 189 190 191 192 193 194 195
NULL
188 189 192 193
8.0
17:00-01:00 (Saturday)
night overlaps
187 any senior
188 189 190 186 185 184
188 189 190 191 192 193 194 195 196
NULL
188 189 192 193 196
10.5
22:00-08:30 (Saturday)
night overlaps
next
188 any senior
189 190 191 187 186 185
189 190 191 192 193 194 195 196 197
NULL
187 186 183 182 179
8.0
08:00-16:00
day
189 any
190 191 192 188 187 186
190 191 192 193 194 195 196 197 198
NULL
187 186 183 182
8.0
14:00-22:00
day
190 any
191 192 193 189 188 187
191 192 193 194 195 196 197 198 199
NULL
192 193 196 197
8.0
17:00-01:00 (Sunday)
night overlaps
191 any senior
192 193 194 190 189 188
192 193 194 195 196 197 198 199 200
NULL
192 193 196 197 200
10.5
22:00-08:30 (Sunday)
night overlaps
next
192 any senior
193 194 195 191 190 189
193 194 195 196 197 198 199 200 201
NULL
191 190 187 186 183
8.0
08:00-16:00
day
193 any
194 195 196 192 191 190
194 195 196 197 198 199 200 201 202
NULL
191 190 187 186
8.0
14:00-22:00
day
194 any
195 196 197 193 192 191
195 196 197 198 199 200 201 202 203
NULL
196 197 200 201
8.0
17:00-01:00 (Monday)
night overlaps
195 any senior
196 197 198 194 193 192
196 197 198 199 200 201 202 203 204
NULL
196 197 200 201 204
10.5
22:00-08:30 (Monday)
night overlaps
next
196 any senior
197 198 199 195 194 193
197 198 199 200 201 202 203 204 205
NULL
195 194 191 190 187
8.0
08:00-16:00
day
197 any
198 199 200 196 195 194
198 199 200 201 202 203 204 205 206
NULL
195 194 191 190
8.0
14:00-22:00
day
198 any
199 200 201 197 196 195
199 200 201 202 203 204 205 206 207
NULL
200 201 204 205
8.0
17:00-01:00 (Tuesday)
night overlaps
199 any senior
200 201 202 198 197 196
200 201 202 203 204 205 206 207 208
NULL
200 201 204 205 208
10.5
22:00-08:30 (Tuesday)
night overlaps
next
200 any senior
201 202 203 199 198 197
201 202 203 204 205 206 207 208 209
NULL
199 198 195 194 191
8.0
08:00-16:00
day
201 any
202 203 204 200 199 198
202 203 204 205 206 207 208 209 210
NULL
199 198 195 194
8.0
14:00-22:00
day
202 any
203 204 205 201 200 199
203 204 205 206 207 208 209 210 211
NULL
204 205 208 209
8.0
17:00-01:00 (Wednesday)
night overlaps
203 any senior
204 205 206 202 201 200
204 205 206 207 208 209 210 211 212
NULL
204 205 208 209 212
10.5
22:00-08:30 (Wednesday)
night overlaps
next
204 any senior
205 206 207 203 202 201
205 206 207 208 209 210 211 212 213
NULL
203 202 199 198 195
8.0
08:00-16:00
day
205 any
206 207 208 204 203 202
206 207 208 209 210 211 212 213 214
NULL
203 202 199 198
8.0
14:00-22:00
day
206 any
207 208 209 205 204 203
207 208 209 210 211 212 213 214 215
NULL
208 209 212 213
8.0
17:00-01:00 (Thursday)
night overlaps
207 any senior
208 209 210 206 205 204
208 209 210 211 212 213 214 215 216
NULL
208 209 212 213 216
10.5
22:00-08:30 (Thursday)
night overlaps
next
208 any senior
209 210 211 207 206 205
209 210 211 212 213 214 215 216 217
NULL
207 206 203 202 199
8.0
08:00-16:00
day
209 any
210 211 212 208 207 206
210 211 212 213 214 215 216 217 218
NULL
207 206 203 202
8.0
14:00-22:00
day
210 any
211 212 213 209 208 207
211 212 213 214 215 216 217 218 219
NULL
212 213 216 217
8.0
17:00-01:00 (Friday)
night overlaps
211 any senior
212 213 214 210 209 208
212 213 214 215 216 217 218 219 220
NULL
212 213 216 217 220
10.5
22:00-08:30 (Friday)
night overlaps
next
212 any senior
213 214 215 211 210 209
213 214 215 216 217 218 219 220 221
NULL
211 210 207 206 203
8.0
08:00-16:00
day
213 any
214 215 216 212 211 210
214 215 216 217 218 219 220 221 222
NULL
211 210 207 206
8.0
14:00-22:00
day
214 any
215 216 217 213 212 211
215 216 217 218 219 220 221 222 223
NULL
216 217 220 221
8.0
17:00-01:00 (Saturday)
night overlaps
215 any senior
216 217 218 214 213 212
216 217 218 219 220 221 222 223
NULL
216 217 220 221
10.5
22:00-08:30 (Saturday)
night overlaps
next
216 any senior
217 218 219 215 214 213
217 218 219 220 221 222 223
NULL
215 214 211 210 207
8.0
08:00-16:00
day
217 any
218 219 220 216 215 214
218 219 220 221 222 223
NULL
215 214 211 210
8.0
14:00-22:00
day
218 any
219 220 221 217 216 215
219 220 221 222 223
NULL
220 221
8.0
17:00-01:00 (Sunday)
night overlaps
219 any senior
220 221 222 218 217 216
220 221 222 223
NULL
220 221
10.5
22:00-08:30 (Sunday)
night overlaps
next
220 any senior
221 222 223 219 218 217
221 222 223
NULL
219 218 215 214 211
8.0
08:00-16:00
day
221 any
222 223 220 219 218
222 223
NULL
219 218 215 214
8.0
14:00-22:00
day
222 any
223 221 220 219
223
NULL
NULL
8.0
17:00-01:00 (Monday)
night overlaps
223 any senior
222 221 220
NULL
NULL
NULL
10.5
22:00-08:30 (Monday)
night overlaps
next
